4
0.0 0.0 100.0 50.0
0.0 0.3 0.0
4.0
0.65 0.16 0.16
1.0
0.6
10
20
0   0.8     0.65 0.16 0.16   25.0 25.0 0.0    0.0 0.0 0.0
0   0.8     0.65 0.16 0.16   81.0 25.0 0.0    0.0 0.0 0.0
6   8.0     0.8 0.8 0.8   25.0 25.0 0.0    0.0 0.0 0.0
6   0.825   1.0 0.38 1.0   0.0 0.0 0.0     0.0 0.0 0.0
6   1.125   1.0 1.0 1.0   25.0 25.0 0.0    0.0 0.0 0.0
6   1.125   1.0 0.42 0.42   75.0 25.0 0.0  0.0 0.0 0.0
6   1.125   0.13 0.55 0.13   77.1217622 26.225 0.0   0.0 0.0 0.0
6   1.125   0.0 0.0 0.5   77.1217622 23.775 0.0   0.0 0.0 0.0
6   1.125   1.0 1.0 0.0   79.2435245 27.45 0.0   0.0 0.0 0.0
6   1.125   0.0 0.0 0.0   79.2435245 25.0 0.0   0.0 0.0 0.0
6   1.125   0.55 0.27 0.075   79.2435245 22.55 0.0   0.0 0.0 0.0
6   1.125   0.69 0.19 0.38   81.3652867 28.675 0.0   0.0 0.0 0.0
6   1.125   0.55 0.0 0.55   81.3652867 26.225 0.0   0.0 0.0 0.0
6   1.125   0.0 0.55 0.55   81.3652867 23.775 0.0   0.0 0.0 0.0
6   1.125   0.93 0.51 0.93   81.3652867 21.325 0.0   0.0 0.0 0.0
6   1.125   0.49 0.99 0.0   83.4870490 29.9 0.0   0.0 0.0 0.0
6   1.125   0.25 0.88 0.82   83.4870490 27.45 0.0   0.0 0.0 0.0
6   1.125   0.25 0.41 0.88   83.4870490 25.0 0.0   0.0 0.0 0.0
6   1.125   0.47 0.53 0.60   83.4870490 22.55 0.0   0.0 0.0 0.0
6   1.125   1.0 0.65 0.0   83.4870490 20.1 0.0   0.0 0.0 0.0
6
6	3.2   0.0 0.0 0.0   0.0 0.0 0.0   0.0 0.0 0.0
6	3.2   0.0 0.0 0.0   0.0 50.0 0.0   0.0 0.0 0.0
6	3.2   0.0 0.0 0.0   100.0 50.0 0.0   0.0 0.0 0.0
6	3.2   0.0 0.0 0.0   100.0 0.0 0.0   0.0 0.0 0.0
6	3.2   0.0 0.0 0.0   50.0 50.0 0.0   0.0 0.0 0.0
6	3.2   0.0 0.0 0.0   50.0 0.0 0.0   0.0 0.0 0.0

